rot:
  max: 179.6995036249156
  mean: 124.46632851106062
  median: 128.92118855878687
  min: 14.300122191905375
  num_samples: 363
  rmse: 130.00418345024488
  std: 37.53958952281798
scale:
  max: 59.546123577132484
  mean: 37.91172699911944
  median: 46.21222238100853
  min: 0.07206552557194046
  num_samples: 363
  rmse: 42.29499594961749
  std: 18.750137021429946
trans:
  max: 2.2614789463326637
  mean: 1.1305266329347408
  median: 1.131518934219385
  min: 0.38823401377957323
  num_samples: 363
  rmse: 1.1761167490708813
  std: 0.32428404165221536
