rot:
  max: 179.35257927530407
  mean: 123.45100631260885
  median: 125.87659795133101
  min: 24.325231269032056
  num_samples: 292
  rmse: 128.36416488940597
  std: 35.17396577241208
scale:
  max: 34.649971169730875
  mean: 10.741730629037196
  median: 8.136295711702545
  min: 0.1302679923834149
  num_samples: 292
  rmse: 13.87768283662096
  std: 8.786654881526196
trans:
  max: 1.1081542262551183
  mean: 0.3776741201550975
  median: 0.35971550455499157
  min: 0.05691399236720819
  num_samples: 292
  rmse: 0.4372425443387624
  std: 0.22032544461525014
