rot:
  max: 179.26304722891135
  mean: 123.86804857233163
  median: 127.04838644945669
  min: 13.602956978027155
  num_samples: 363
  rmse: 128.9775756574692
  std: 35.943310439644875
scale:
  max: 85.27005878531114
  mean: 79.59346705602027
  median: 81.02533834822951
  min: 72.9867865551227
  num_samples: 363
  rmse: 79.68540213366299
  std: 3.8266584908764845
trans:
  max: 1.2565253064530773
  mean: 0.9702071557928929
  median: 0.9534148724050817
  min: 0.7354187829490361
  num_samples: 363
  rmse: 0.9782090828652367
  std: 0.12486426489717814
