rot:
  max: 179.95375124236247
  mean: 127.04233158868104
  median: 132.78074566111232
  min: 13.879579776011758
  num_samples: 1717
  rmse: 132.19981602030882
  std: 36.565521195726404
scale:
  max: 99.60948167308057
  mean: 92.54364749786154
  median: 93.7373126332208
  min: 81.98617707711395
  num_samples: 1717
  rmse: 92.62671245147126
  std: 3.921883139396927
trans:
  max: 1.1299375621438523
  mean: 0.9952783654966585
  median: 0.9974099952070207
  min: 0.8635461393333341
  num_samples: 1717
  rmse: 0.9964447621421254
  std: 0.048198954083844975
