rot:
  max: 179.9129489244534
  mean: 128.27668708173383
  median: 134.01104638753827
  min: 7.14935266389969
  num_samples: 1000
  rmse: 132.87044734738797
  std: 34.63592541899141
scale:
  max: 46.21047781230957
  mean: 6.91361718508518
  median: 6.318082312588902
  min: 0.016241325576993315
  num_samples: 1000
  rmse: 8.553098673647588
  std: 5.035612608138857
trans:
  max: 1.8130959427799278
  mean: 0.23891786225215736
  median: 0.1717267594827906
  min: 0.017053558356531256
  num_samples: 1000
  rmse: 0.3379826567212524
  std: 0.23906177306548848
