rot:
  max: 179.99857282481136
  mean: 126.90589023780078
  median: 132.37783004543743
  min: 13.61837790131182
  num_samples: 2000
  rmse: 132.08152814567293
  std: 36.611816401913906
scale:
  max: 650.8222923142948
  mean: 18.1601113760168
  median: 6.276222868154823
  min: 0.003847161647585473
  num_samples: 2000
  rmse: 64.42945926946595
  std: 61.81719482932268
trans:
  max: 1.5331940165962075
  mean: 0.2974545748246427
  median: 0.2504014538705272
  min: 0.02418743226753395
  num_samples: 2000
  rmse: 0.3626460400200941
  std: 0.20744379059915663
