rot:
  max: 179.44427547033524
  mean: 123.72434603246154
  median: 127.35118285780192
  min: 19.14284099042386
  num_samples: 292
  rmse: 128.76627051968077
  std: 35.67966679198858
scale:
  max: 36.83122585958649
  mean: 11.956608942710881
  median: 10.42077778045023
  min: 0.17059167190269786
  num_samples: 292
  rmse: 14.488237884419942
  std: 8.182208722993286
trans:
  max: 1.5810210709851291
  mean: 0.3399881743027667
  median: 0.24259736016633615
  min: 0.022560684820549147
  num_samples: 292
  rmse: 0.445256454524775
  std: 0.28750887226352617
