rot:
  max: 179.73756874704324
  mean: 124.43654186702187
  median: 134.63039313389828
  min: 9.258556722935474
  num_samples: 292
  rmse: 131.16405744930682
  std: 41.46754170121469
scale:
  max: 115.00556694245088
  mean: 18.22654858412265
  median: 16.285635260639285
  min: 0.01642946695654679
  num_samples: 292
  rmse: 22.989300710517004
  std: 14.010741374716545
trans:
  max: 2.8280450363546557
  mean: 0.6030590949351805
  median: 0.484663283871845
  min: 0.2291790875154483
  num_samples: 292
  rmse: 0.7147792303662214
  std: 0.38370441250901544
